9999996
9999993
9999992
9999991
9999989
9999985
9999981
9999981
9999977
9999976
9999974
9999972
9999956
9999954
9999953
9999952
9999947
9999941
9999941
9999936
9999928
9999916
9999904
9999901
9999896
9999887
9999884
9999881
9999873
9999863
9999856
9999855
9999853
9999852
9999850
9999848
9999838
9999838
9999831
9999830
9999825
9999822
9999812
9999810
9999806
9999799
9999798
9999792
9999792
9999791
9999789
9999781
9999757
9999754
9999740
9999734
9999730
9999722
9999721
9999719
9999719
9999707
9999706
9999703
9999697
9999697
9999695
9999692
9999691
9999687
9999679
9999675
9999675
9999672
9999667
9999665
9999663
9999658
9999653
9999635
9999628
9999624
9999623
9999619
9999618
9999605
9999602
9999597
9999591
9999588
9999586
9999570
9999564
9999552
9999546
9999517
9999515
9999512
9999497
9999480
9999478
9999473
9999464
9999464
9999460
9999459
9999458
9999457
9999456
9999445
9999442
9999440
9999438
9999433
9999431
9999420
9999411
9999411
9999404
9999403
9999393
9999391
9999390
9999387
9999376
9999374
9999371
9999365
9999362
9999362
9999352
9999347
9999346
9999346
9999342
9999340
9999338
9999325
9999311
9999307
9999306
9999302
9999301
9999296
9999285
9999282
9999276
9999271
9999263
9999262
9999259
9999251
9999246
9999245
9999238
9999234
9999227
9999224
9999223
9999222
9999220
9999212
9999207
9999196
9999193
9999188
9999181
9999179
9999173
9999173
9999172
9999169
9999157
9999147
9999144
9999142
9999142
9999131
9999123
9999112
9999111
9999110
9999099
9999096
9999092
9999092
9999078
9999051
9999048
9999045
9999033
9999024
9999024
9999022
9999008
9999006
9998996
9998989
9998984
9998979
9998978
9998972
9998966
9998960
9998959
9998957
9998951
9998941
9998940
9998936
9998929
9998924
9998922
9998912
9998910
9998906
9998901
9998898
9998891
9998884
9998881
9998881
9998866
9998853
9998851
9998849
9998849
9998847
9998843
9998838
9998834
9998819
9998819
9998812
9998810
9998809
9998804
9998790
9998789
9998779
9998770
9998769
9998767
9998743
9998734
9998732
9998728
9998726
9998726
9998725
9998721
9998713
9998713
9998707
9998706
9998706
9998705
9998698
9998694
9998692
9998691
9998679
9998671
9998663
9998656
9998645
9998632
9998629
9998628
9998627
9998626
9998626
9998613
9998609
9998609
9998605
9998600
9998596
9998595
9998594
9998588
9998584
9998581
9998576
9998571
9998570
9998568
9998565
9998564
9998561
9998556
9998553
9998549
9998549
9998548
9998548
9998546
9998544
9998536
9998531
9998526
9998518
9998505
9998501
9998490
9998483
9998481
9998476
9998475
9998472
9998472
9998469
9998456
9998455
9998452
9998450
9998447
9998432
9998429
9998428
9998427
9998423
9998413
9998406
9998404
9998401
9998394
9998388
9998385
9998383
9998376
9998374
9998368
9998364
9998348
9998337
9998335
9998325
9998312
9998305
9998298
9998296
9998296
9998289
9998285
9998283
9998280
9998279
9998270
9998267
9998265
9998257
9998252
9998244
9998240
9998237
9998237
9998237
9998230
9998224
9998222
9998221
9998220
9998196
9998192
9998192
9998182
9998177
9998168
9998159
9998158
9998158
9998151
9998151
9998147
9998146
9998143
9998139
9998137
9998134
9998133
9998131
9998128
9998127
9998124
9998108
9998098
9998094
9998093
9998090
9998085
9998080
9998077
9998073
9998065
9998061
9998059
9998058
9998047
9998046
9998043
9998039
9998012
9998009
9998003
9998001
9997997
9997995
9997988
9997986
9997982
9997982
9997982
9997981
9997978
9997976
9997974
9997974
9997974
9997973
9997972
9997964
9997962
9997957
9997955
9997954
9997949
9997945
9997944
9997929
9997926
9997924
9997919
9997915
9997912
9997912
9997902
9997901
9997898
9997897
9997892
9997892
9997878
9997871
9997871
9997868
9997865
9997855
9997852
9997840
9997839
9997839
9997832
9997828
9997820
9997814
9997812
9997808
9997807
9997799
9997799
9997793
9997793
9997781
9997780
9997777
9997766
9997762
9997757
9997755
9997749
9997738
9997730
9997730
9997726
9997713
9997713
9997709
9997701
9997697
9997695
9997695
9997688
9997687
9997684
9997680
9997674
9997673
9997673
9997673
9997657
9997650
9997644
9997642
9997641
9997637
9997635
9997632
9997628
9997617
9997609
9997608
9997603
9997600
9997596
9997590
9997589
9997588
9997586
9997585
9997582
9997579
9997578
9997575
9997575
9997571
9997567
9997531
9997529
9997528
9997525
9997520
9997520
9997517
9997512
9997511
9997507
9997504
9997483
9997478
9997474
9997467
9997459
9997458
9997447
9997444
9997441
9997423
9997420
9997420
9997410
9997408
9997405
9997401
9997399
9997393
9997391
9997386
9997385
9997385
9997384
9997384
9997381
9997374
9997359
9997358
9997344
9997343
9997341
9997341
9997337
9997299
9997298
9997287
9997284
9997280
9997279
9997272
9997267
9997264
9997254
9997250
9997238
9997231
9997228
9997227
9997221
9997220
9997216
9997197
9997192
9997178
9997177
9997174
9997172
9997158
9997142
9997134
9997122
9997119
9997114
9997101
9997097
9997089
9997084
9997080
9997072
9997053
9997052
9997051
9997045
9997041
9997041
9997013
9997005
9997003
9996999
9996993
9996983
9996983
9996977
9996976
9996973
9996957
9996956
9996952
9996948
9996947
9996945
9996941
9996940
9996939
9996935
9996909
9996902
9996902
9996900
9996896
9996892
9996888
9996885
9996884
9996882
9996871
9996869
9996857
9996857
9996829
9996825
9996823
9996821
9996817
9996816
9996814
9996813
9996812
9996791
9996781
9996780
9996771
9996769
9996767
9996766
9996756
9996755
9996754
9996747
9996739
9996736
9996720
9996715
9996713
9996707
9996701
9996695
9996683
9996680
9996680
9996676
9996674
9996668
9996647
9996644
9996643
9996641
9996639
9996638
9996636
9996635
9996630
9996630
9996613
9996610
9996599
9996594
9996592
9996589
9996584
9996565
9996559
9996559
9996554
9996553
9996544
9996543
9996542
9996542
9996529
9996528
9996527
9996521
9996519
9996517
9996503
9996490
9996482
9996482
9996481
9996466
9996459
9996457
9996456
9996452
9996447
9996445
9996436
9996428
9996426
9996415
9996408
9996380
9996371
9996364
9996358
9996355
9996337
9996328
9996327
9996326
9996324
9996300
9996300
9996299
9996298
9996297
9996295
9996295
9996288
9996266
9996248
9996245
9996240
9996239
9996233
9996230
9996230
9996220
9996214
9996208
9996207
9996194
9996193
9996190
9996188
9996184
9996174
9996170
9996168
9996166
9996162
9996144
9996139
9996126
9996125
9996116
9996110
9996101
9996093
9996081
9996076
9996076
9996073
9996071
9996070
9996067
9996057
9996051
9996039
9996031
9996031
9996029
9996026
9996021
9996021
9996018
9996018
9996004
9996003
9995995
9995991
9995983
9995971
9995965
9995952
9995948
9995942
9995936
9995928
9995925
9995925
9995922
9995917
9995910
9995904
9995904
9995893
9995885
9995883
9995882
9995878
9995862
9995861
9995843
9995834
9995826
9995814
9995807
9995801
9995800
9995800
9995792
9995790
9995784
9995781
9995773
9995773
9995763
9995762
9995761
9995758
9995749
9995745
9995741
9995738
9995737
9995736
9995735
9995734
9995728
9995725
9995718
9995716
9995711
9995709
9995698
9995691
9995688
9995685
9995684
9995682
9995663
9995656
9995651
9995647
9995643
9995638
9995634
9995627
9995619
9995605
9995600
9995596
9995585
9995575
9995575
9995571
9995568
9995566
9995566
9995565
9995548
9995548
9995545
9995543
9995535
9995522
9995519
9995517
9995509
9995507
9995502
9995492
9995488
9995485
9995483
9995480
9995478
9995463
9995451
9995450
9995448
9995445
9995440
9995440
9995435
9995434
9995431
9995419
9995408
9995400
9995399
9995397
9995396
9995392
9995381
9995375
9995374
9995374
9995372
9995358
9995353
9995347
9995347
9995340
9995337
9995329
9995323
9995323
9995322
9995311
9995305
9995304
9995302
9995294
9995290
9995279
9995268
9995266
9995258
9995245
9995244
9995243
9995243
9995237
9995228
9995222
9995219
9995214
9995203
9995191
9995189
9995179
9995177
9995169
9995163
9995162
9995152
9995144
9995127
9995120
9995115
9995099
9995098
9995092
9995089
9995087
9995084
9995079
9995075
9995072
9995069
9995068
9995062
9995062
9995061
9995058
9995054
9995048
9995043
9995042
9995041
9995036
9995034
9995034
9995030
9995026
9995024
9995016
9995016
9995007
9995006
9995003
9995002
9994996
9994992
9994987
9994986
9994976
9994969
9994960
9994953
9994952
9994951
9994940
9994937
9994933
9994933
9994923
9994923
9994922
9994920
9994919
9994894
9994892
9994891
9994889
9994887
9994878
9994876
9994876
9994873
9994871
9994868
9994865
9994858
9994855
9994853
9994841
9994841
9994835
9994828
9994826
9994806
9994796
9994790
9994778
9994778
9994775
9994774
9994773
9994770
9994767
9994767
9994766
9994763
9994757
9994751
9994749
9994749
9994741
9994734
9994724
9994723
9994719
9994717
9994715
9994711
9994694
9994688
9994684
9994680
9994665
9994654
9994651
9994644
9994641
9994637
9994637
9994636
9994633
9994624
9994622
9994622
9994620
9994619
9994617
9994611
9994608
9994590
9994590
9994588
9994580
9994579
9994575
9994573
9994569
9994565
9994561
9994560
9994556
9994551
9994548
9994534
9994530
9994528
9994514
9994511
9994509
9994506
9994504
9994500
9994499
9994495
9994488
9994487
9994487
9994485
9994484
9994478
9994473
9994471
9994460
9994456
9994455
9994436
9994423
9994421
9994407
9994406
9994402
9994401
9994398
9994390
9994389
9994382
9994372
9994365
9994351
9994348
9994334
9994331
9994326
9994319
9994317
9994311
9994296
9994296
9994296
9994289
9994289
9994289
9994286
9994286
9994285
9994285
9994275
9994271
9994270
9994258
9994253
9994250
9994249
9994235
9994229
9994224
9994224
9994213
9994213
9994210
9994203
9994202
9994202
9994201
9994198
9994196
9994193
9994193
9994192
9994188
9994180
9994178
9994169
9994166
9994165
9994156
9994155
9994154
9994147
9994138
9994138
9994128
9994126
9994115
9994104
9994091
9994089
9994085
9994084
9994080
9994072
9994067
9994065
9994055
9994052
9994048
9994048
9994046
9994044
9994036
9994032
9994031
9994026
9994022
9994021
9994021
9994013
9994011
9994006
9994003
9994002
9993999
9993992
9993992
9993986
9993977
9993977
9993957
9993950
9993945
9993942
9993921
9993918
9993916
9993915
9993907
9993900
9993894
9993883
9993878
9993877
9993871
9993865
9993863
9993862
9993857
9993839
9993834
9993833
9993831
9993830
9993821
9993815
9993809
9993802
9993786
9993781
9993776
9993773
9993759
9993758
9993756
9993756
9993756
9993747
9993743
9993728
9993727
9993726
9993723
9993721
9993720
9993717
9993713
9993710
9993708
9993708
9993704
9993698
9993694
9993684
9993674
9993671
9993669
9993668
9993651
9993629
9993621
9993614
9993612
9993606
9993592
9993589
9993587
9993587
9993584
9993562
9993561
9993561
9993554
9993553
9993546
9993529
9993523
9993523
9993522
9993518
9993513
9993510
9993509
9993503
9993499
9993499
9993499
9993489
9993486
9993485
9993474
9993473
9993470
9993450
9993449
9993448
9993448
9993444
9993434
9993431
9993420
9993413
9993405
9993401
9993398
9993394
9993386
9993376
9993375
9993374
9993374
9993368
9993363
9993362
9993359
9993357
9993356
9993349
9993344
9993343
9993339
9993334
9993334
9993332
9993331
9993330
9993328
9993314
9993311
9993302
9993299
9993297
9993289
9993289
9993288
9993279
9993278
9993277
9993273
9993272
9993269
9993256
9993254
9993253
9993252
9993251
9993247
9993236
9993232
9993231
9993207
9993206
9993202
9993197
9993183
9993180
9993177
9993177
9993160
9993151
9993146
9993141
9993140
9993140
9993135
9993126
9993123
9993111
9993104
9993102
9993101
9993096
9993093
9993086
9993070
9993067
9993045
9993044
9992995
9992985
9992984
9992984
9992983
9992971
9992969
9992968
9992960
9992958
9992951
9992947
9992945
9992936
9992924
9992924
9992922
9992921
9992913
9992904
9992898
9992894
9992891
9992891
9992883
9992879
9992869
9992864
9992863
9992856
9992850
9992844
9992835
9992834
9992831
9992831
9992826
9992816
9992804
9992801
9992799
9992793
9992783
9992779
9992768
9992758
9992742
9992742
9992740
9992719
9992709
9992708
9992708
9992706
9992705
9992704
9992697
9992688
9992685
9992683
9992679
9992678
9992673
9992671
9992670
9992665
9992663
9992661
9992654
9992648
9992640
9992639
9992638
9992633
9992629
9992628
9992625
9992615
9992599
9992592
9992587
9992586
9992583
9992581
9992580
9992579
9992564
9992553
9992551
9992546
9992545
9992544
9992542
9992540
9992517
9992512
9992508
9992508
9992506
9992501
9992501
9992500
9992499
9992494
9992478
9992475
9992468
9992463
9992434
9992427
9992426
9992425
9992415
9992411
9992410
9992410
9992409
9992407
9992400
9992394
9992394
9992387
9992386
9992386
9992385
9992359
9992337
9992335
9992333
9992326
9992326
9992315
9992310
9992308
9992307
9992303
9992300
9992298
9992296
9992292
9992290
9992289
9992286
9992276
9992276
9992274
9992272
9992271
9992270
9992269
9992264
9992258
9992252
9992241
9992231
9992225
9992222
9992221
9992219
9992216
9992215
9992206
9992200
9992191
9992186
9992182
9992171
9992166
9992158
9992155
9992153
9992152
9992152
9992148
9992142
9992135
9992130
9992129
9992126
9992123
9992122
9992116
9992113
9992109
9992104
9992101
9992096
9992093
9992093
9992088
9992074
9992069
9992062
9992055
9992052
9992047
9992045
9992032
9992027
9992023
9992020
9992018
9992017
9992004
9992001
9992000
9991999
9991990
9991988
9991988
9991986
9991983
9991981
9991975
9991969
9991969
9991958
9991947
9991936
9991928
9991919
9991916
9991909
9991909
9991907
9991903
9991902
9991890
9991889
9991880
9991877
9991872
9991866
9991860
9991845
9991839
9991836
9991831
9991830
9991829
9991827
9991827
9991823
9991823
9991820
9991817
9991810
9991806
9991803
9991803
9991801
9991799
9991799
9991795
9991764
9991762
9991756
9991754
9991754
9991751
9991751
9991743
9991743
9991740
9991738
9991734
9991722
9991715
9991711
9991711
9991699
9991698
9991695
9991694
9991684
9991676
9991676
9991674
9991673
9991665
9991660
9991648
9991634
9991631
9991616
9991614
9991613
9991612
9991612
9991600
9991600
9991579
9991574
9991571
9991561
9991559
9991551
9991545
9991540
9991536
9991535
9991531
9991530
9991528
9991527
9991524
9991521
9991520
9991514
9991511
9991511
9991510
9991509
9991508
9991494
9991485
9991468
9991462
9991456
9991456
9991451
9991449
9991447
9991443
9991438
9991437
9991429
9991425
9991424
9991416
9991409
9991407
9991405
9991399
9991393
9991389
9991381
9991375
9991366
9991364
9991349
9991341
9991341
9991339
9991336
9991335
9991331
9991330
9991328
9991326
9991325
9991323
9991322
9991320
9991317
9991316
9991314
9991290
9991278
9991277
9991274
9991271
9991266
9991262
9991262
9991261
9991257
9991253
9991237
9991230
9991222
9991216
9991206
9991203
9991199
9991197
9991194
9991183
9991179
9991171
9991166
9991163
9991160
9991157
9991156
9991154
9991153
9991148
9991137
9991133
9991131
9991127
9991125
9991120
9991117
9991114
9991108
9991097
9991091
9991082
9991071
9991070
9991058
9991046
9991044
9991034
9991033
9991022
9991016
9991014
9991012
9991012
9991000
9990995
9990985
9990983
9990981
9990978
9990965
9990965
9990953
9990948
9990933
9990924
9990922
9990921
9990912
9990907
9990906
9990906
9990906
9990906
9990903
9990900
9990899
9990896
9990895
9990888
9990883
9990882
9990881
9990878
9990874
9990864
9990862
9990856
9990850
9990846
9990843
9990827
9990824
9990823
9990823
9990821
9990812
9990806
9990802
9990801
9990796
9990784
9990779
9990778
9990777
9990772
9990771
9990757
9990755
9990755
9990754
9990753
9990748
9990744
9990734
9990734
9990729
9990715
9990707
9990691
9990689
9990689
9990685
9990684
9990682
9990661
9990655
9990648
9990639
9990630
9990628
9990613
9990612
9990609
9990608
9990607
9990606
9990601
9990592
9990589
9990588
9990576
9990575
9990568
9990563
9990556
9990555
9990552
9990545
9990543
9990540
9990538
9990535
9990527
9990526
9990522
9990519
9990514
9990511
9990508
9990501
9990495
9990486
9990467
9990466
9990458
9990455
9990444
9990443
9990439
9990436
9990435
9990418
9990416
9990415
9990412
9990411
9990403
9990398
9990396
9990390
9990389
9990388
9990384
9990383
9990377
9990374
9990365
9990361
9990361
9990359
9990351
9990345
9990339
9990332
9990327
9990316
9990315
9990312
9990311
9990311
9990310
9990298
9990282
9990276
9990268
9990264
9990264
9990261
9990260
9990257
9990250
9990248
9990247
9990246
9990240
9990237
9990229
9990223
9990221
9990221
9990221
9990214
9990208
9990204
9990195
9990190
9990189
9990186
9990182
9990178
9990165
9990164
9990161
9990157
9990157
9990151
9990151
9990149
9990146
9990144
9990138
9990136
9990135
9990135
9990128
9990124
9990114
9990113
9990110
9990106
9990102
9990101
9990098
9990088
9990083
9990080
9990077
9990075
9990072
9990070
9990066
9990064
9990060
9990055
9990054
9990052
9990051
9990047
9990046
9990046
9990043
9990035
9990028
9990023
9990018
9990016
9990010
9989999
9989993
9989989
9989984
9989984
9989975
9989974
9989970
9989970
9989964
9989961
9989951
9989951
9989949
9989944
9989935
9989934
9989927
9989925
9989918
9989911
9989911
9989904
9989900
9989893
9989883
9989882
9989882
9989881
9989879
9989877
9989876
9989873
9989872
9989870
9989860
9989858
9989855
9989854
9989839
9989823
9989818
9989815
9989815
9989814
9989806
9989803
9989797
9989792
9989782
9989782
9989779
9989773
9989766
9989758
9989752
9989750
9989735
9989733
9989727
9989722
9989721
9989718
9989718
9989716
9989711
9989698
9989697
9989692
9989686
9989680
9989678
9989678
9989674
9989674
9989672
9989668
9989666
9989664
9989659
9989652
9989628
9989618
9989618
9989613
9989608
9989607
9989603
9989599
9989590
9989583
9989578
9989578
9989573
9989572
9989566
9989565
9989561
9989552
9989544
9989529
9989525
9989524
9989519
9989518
9989509
9989503
9989494
9989487
9989485
9989482
9989469
9989456
9989447
9989442
9989438
9989437
9989437
9989435
9989433
9989430
9989430
9989429
9989425
9989419
9989417
9989412
9989411
9989409
9989400
9989397
9989379
9989374
9989368
9989368
9989348
9989344
9989338
9989326
9989322
9989318
9989314
9989304
9989288
9989286
9989285
9989284
9989276
9989267
9989255
9989247
9989243
9989231
9989230
9989226
9989223
9989219
9989193
9989193
9989186
9989184
9989173
9989172
9989172
9989169
9989168
9989165
9989158
9989155
9989155
9989155
9989149
9989144
9989129
9989128
9989122
9989108
9989101
9989097
9989087
9989077
9989075
9989063
9989058
9989046
9989041
9989038
9989038
9989037
9989020
9989013
9989006
9989006
9989006
9988996
9988985
9988985
9988985
9988980
9988979
9988977
9988973
9988972
9988971
9988970
9988963
9988961
9988956
9988934
9988932
9988927
9988918
9988911
9988902
9988899
9988896
9988884
9988880
9988872
9988869
9988859
9988852
9988850
9988845
9988840
9988838
9988830
9988813
9988808
9988799
9988799
9988798
9988792
9988791
9988790
9988784
9988779
9988776
9988772
9988767
9988759
9988750
9988747
9988743
9988737
9988726
9988725
9988723
9988722
9988722
9988713
9988712
9988709
9988701
9988700
9988686
9988683
9988683
9988679
9988674
9988670
9988667
9988666
9988662
9988647
9988647
9988643
9988642
9988636
9988615
9988605
9988596
9988595
9988593
9988589
9988580
9988579
9988569
9988559
9988552
9988552
9988542
9988540
9988539
9988538
9988532
9988531
9988523
9988516
9988514
9988505
9988504
9988503
9988502
9988501
9988499
9988494
9988493
9988489
9988482
9988473
9988440
9988440
9988438
9988432
9988419
9988418
9988415
9988411
9988411
9988407
9988406
9988402
9988399
9988397
9988395
9988389
9988372
9988371
9988370
9988368
9988366
9988358
9988334
9988329
9988322
9988320
9988317
9988310
9988308
9988307
9988307
9988306
9988304
9988300
9988296
9988284
9988284
9988284
9988284
9988283
9988283
9988267
9988265
9988264
9988262
9988259
9988259
9988256
9988253
9988248
9988246
9988245
9988244
9988235
9988232
9988231
9988224
9988220
9988215
9988200
9988199
9988193
9988189
9988184
9988183
9988181
9988175
9988175
9988174
9988166
9988165
9988164
9988150
9988148
9988142
9988137
9988133
9988124
9988120
9988118
9988110
9988107
9988096
9988095
9988094
9988092
9988090
9988086
9988076
9988055
9988053
9988048
9988046
9988040
9988032
9988029
9988025
9988023
9988022
9988016
9988006
9988004
9988001
9987999
9987998
9987992
9987986
9987984
9987979
9987974
9987965
9987962
9987958
9987944
9987944
9987935
9987928
9987921
9987919
9987911
9987911
9987902
9987900
9987899
9987885
9987878
9987876
9987866
9987860
9987858
9987857
9987856
9987855
9987855
9987853
9987850
9987850
9987841
9987829
9987818
9987814
9987810
9987805
9987790
9987785
9987785
9987785
9987782
9987778
9987776
9987776
9987772
9987769
9987765
9987765
9987764
9987758
9987752
9987746
9987744
9987742
9987738
9987733
9987720
9987719
9987719
9987718
9987716
9987705
9987702
9987701
9987698
9987693
9987677
9987674
9987671
9987666
9987665
9987654
9987645
9987639
9987630
9987626
9987617
9987616
9987614
9987600
9987599
9987598
9987591
9987585
9987579
9987576
9987568
9987568
9987565
9987555
9987550
9987546
9987536
9987536
9987534
9987531
9987530
9987529
9987522
9987517
9987511
9987503
9987501
9987500
9987496
9987487
9987475
9987473
9987472
9987454
9987453
9987453
9987452
9987450
9987450
9987450
9987450
9987439
9987436
9987423
9987419
9987412
9987402
9987386
9987368
9987367
9987362
9987361
9987361
9987360
9987353
9987321
9987303
9987302
9987302
9987296
9987293
9987291
9987288
9987285
9987281
9987269
9987260
9987250
9987246
9987240
9987233
9987216
9987214
9987211
9987211
9987206
9987204
9987204
9987202
9987192
9987186
9987185
9987179
9987173
9987172
9987159
9987147
9987146
9987145
9987137
9987133
9987133
9987125
9987124
9987119
9987118
9987118
9987117
9987111
9987109
9987107
9987107
9987104
9987097
9987092
9987079
9987077
9987070
9987067
9987060
9987060
9987050
9987041
9987035
9987033
9987029
9987029
9987027
9987021
9987014
9987013
9987013
9987009
9987000
9987000
9986997
9986993
9986990
9986984
9986979
9986973
9986967
9986964
9986960
9986959
9986952
9986944
9986943
9986935
9986926
9986925
9986916
9986914
9986902
9986898
9986893
9986886
9986884
9986883
9986852
9986850
9986844
9986830
9986830
9986824
9986818
9986811
9986811
9986809
9986808
9986806
9986803
9986801
9986801
9986794
9986782
9986775
9986756
9986736
9986727
9986724
9986724
9986722
9986721
9986701
9986700
9986690
9986685
9986683
9986681
9986677
9986670
9986665
9986661
9986661
9986660
9986659
9986658
9986651
9986647
9986647
9986645
9986642
9986632
9986631
9986625
9986625
9986615
9986603
9986602
9986599
9986588
9986582
9986574
9986572
9986567
9986561
9986560
9986557
9986550
9986548
9986544
9986541
9986538
9986532
9986530
9986523
9986522
9986521
9986517
9986517
9986510
9986507
9986502
9986501
9986497
9986497
9986494
9986492
9986488
9986487
9986485
9986482
9986475
9986473
9986459
9986458
9986458
9986458
9986455
9986447
9986440
9986433
9986423
9986419
9986418
9986417
9986413
9986406
9986406
9986406
9986405
9986401
9986390
9986388
9986386
9986382
9986382
9986380
9986379
9986373
9986369
9986368
9986365
9986361
9986355
9986352
9986334
9986332
9986331
9986328
9986327
9986323
9986320
9986315
9986314
9986306
9986300
9986297
9986295
9986290
9986288
9986280
9986273
9986257
9986254
9986237
9986231
9986229
9986227
9986225
9986221
9986203
9986200
9986196
9986179
9986176
9986165
9986161
9986154
9986152
9986152
9986149
9986147
9986145
9986141
9986134
9986132
9986126
9986121
9986120
9986114
9986114
9986091
9986083
9986083
9986081
9986077
9986062
9986056
9986055
9986054
9986050
9986050
9986036
9986035
9986034
9986029
9986021
9986006
9985997
9985987
9985977
9985969
9985968
9985965
9985960
9985954
9985942
9985937
9985937
9985929
9985927
9985922
9985914
9985901
9985899
9985888
9985886
9985885
9985880
9985879
9985874
9985869
9985855
9985844
9985829
9985819
9985819
9985818
9985814
9985813
9985809
9985801
9985791
9985785
9985779
9985775
9985766
9985763
9985763
9985760
9985756
9985754
9985750
9985746
9985746
9985746
9985744
9985743
9985740
9985738
9985728
9985723
9985714
9985710
9985709
9985709
9985707
9985703
9985699
9985694
9985691
9985686
9985665
9985655
9985653
9985645
9985644
9985642
9985637
9985632
9985632
9985631
9985623
9985620
9985611
9985607
9985605
9985594
9985593
9985586
9985584
9985578
9985577
9985576
9985571
9985568
9985555
9985551
9985548
9985542
9985541
9985534
9985524
9985515
9985511
9985509
9985509
9985486
9985484
9985460
9985456
9985448
9985446
9985436
9985436
9985426
9985417
9985406
9985403
9985397
9985390
9985390
9985389
9985388
9985387
9985380
9985369
9985367
9985366
9985358
9985355
9985350
9985348
9985348
9985346
9985341
9985334
9985333
9985332
9985330
9985329
9985329
9985327
9985324
9985319
9985282
9985277
9985276
9985265
9985259
9985252
9985251
9985243
9985234
9985231
9985216
9985213
9985213
9985210
9985205
9985196
9985196
9985193
9985188
9985182
9985179
9985179
9985178
9985178
9985169
9985166
9985160
9985156
9985143
9985142
9985141
9985137
9985127
9985126
9985121
9985119
9985111
9985104
9985098
9985097
9985095
9985093
9985074
9985069
9985067
9985065
9985046
9985042
9985033
9985019
9985016
9985000
9984999
9984994
9984985
9984983
9984982
9984982
9984972
9984972
9984968
9984959
9984949
9984942
9984937
9984932
9984923
9984923
9984916
9984912
9984911
9984908
9984908
9984906
9984898
9984894
9984889
9984887
9984882
9984876
9984869
9984869
9984868
9984868
9984855
9984844
9984844
9984843
9984825
9984820
9984818
9984810
9984804
9984797
9984797
9984789
9984780
9984776
9984776
9984775
9984759
9984744
9984739
9984736
9984727
9984727
9984720
9984719
9984714
9984712
9984710
9984705
9984696
9984684
9984683
9984677
9984670
9984667
9984667
9984665
9984661
9984660
9984658
9984658
9984657
9984657
9984654
9984648
9984644
9984641
9984638
9984629
9984627
9984621
9984620
9984619
9984601
9984598
9984596
9984593
9984585
9984584
9984573
9984568
9984565
9984554
9984549
9984547
9984546
9984544
9984543
9984543
9984527
9984520
9984514
9984506
9984504
9984500
9984496
9984494
9984488
9984486
9984469
9984463
9984456
9984456
9984434
9984417
9984414
9984406
9984402
9984398
9984377
9984367
9984363
9984361
9984358
9984353
9984353
9984346
9984344
9984339
9984332
9984319
9984316
9984316
9984316
9984313
9984312
9984311
9984304
9984302
9984302
9984292
9984289
9984275
9984272
9984270
9984267
9984264
9984261
9984257
9984253
9984248
9984236
9984231
9984231
9984225
9984218
9984208
9984205
9984191
9984184
9984182
9984182
9984166
9984155
9984153
9984148
9984144
9984144
9984138
9984129
9984126
9984121
9984116
9984105
9984098
9984085
9984080
9984070
9984067
9984063
9984062
9984059
9984059
9984054
9984053
9984045
9984033
9984029
9984028
9984021
9984016
9984013
9983996
9983993
9983986
9983981
9983980
9983970
9983957
9983952
9983945
9983924
9983922
9983920
9983914
9983910
9983903
9983896
9983892
9983884
9983877
9983871
9983866
9983859
9983857
9983856
9983845
9983844
9983843
9983842
9983833
9983823
9983822
9983811
9983810
9983803
9983802
9983798
9983789
9983788
9983785
9983784
9983770
9983768
9983767
9983762
9983761
9983755
9983753
9983750
9983739
9983739
9983738
9983736
9983725
9983725
9983719
9983713
9983711
9983695
9983691
9983690
9983684
9983683
9983680
9983672
9983672
9983671
9983671
9983670
9983670
9983666
9983663
9983663
9983661
9983656
9983655
9983649
9983649
9983647
9983640
9983631
9983628
9983627
9983619
9983616
9983610
9983610
9983610
9983609
9983604
9983600
9983596
9983596
9983595
9983588
9983588
9983588
9983586
9983581
9983577
9983577
9983572
9983571
9983568
9983568
9983558
9983558
9983539
9983529
9983515
9983511
9983511
9983510
9983496
9983496
9983495
9983490
9983490
9983476
9983476
9983465
9983455
9983451
9983443
9983441
9983441
9983440
9983438
9983436
9983429
9983406
9983402
9983401
9983396
9983395
9983395
9983393
9983386
9983380
9983363
9983356
9983348
9983344
9983342
9983340
9983338
9983333
9983330
9983319
9983319
9983317
9983315
9983312
9983310
9983309
9983306
9983295
9983295
9983291
9983282
9983279
9983274
9983267
9983266
9983266
9983262
9983258
9983255
9983253
9983246
9983245
9983242
9983237
9983232
9983229
9983226
9983215
9983205
9983205
9983204
9983203
9983203
9983199
9983194
9983188
9983187
9983175
9983158
9983146
9983143
9983141
9983135
9983134
9983130
9983130
9983124
9983116
9983113
9983111
9983087
9983085
9983082
9983080
9983073
9983064
9983063
9983063
9983054
9983053
9983046
9983041
9983037
9983032
9983029
9983026
9983017
9983016
9983015
9983013
9983011
9983000
9983000
9982996
9982990
9982974
9982968
9982968
9982967
9982961
9982957
9982952
9982944
9982934
9982933
9982923
9982918
9982915
9982908
9982892
9982892
9982882
9982875
9982866
9982866
9982864
9982861
9982857
9982850
9982850
9982843
9982840
9982835
9982831
9982827
9982821
9982820
9982819
9982814
9982810
9982803
9982800
9982794
9982791
9982788
9982783
9982780
9982776
9982770
9982767
9982752
9982750
9982749
9982747
9982742
9982740
9982732
9982725
9982714
9982711
9982702
9982700
9982694
9982692
9982681
9982681
9982678
9982672
9982661
9982661
9982659
9982653
9982640
9982639
9982636
9982636
9982636
9982631
9982621
9982605
9982596
9982592
9982590
9982587
9982585
9982580
9982577
9982572
9982569
9982568
9982548
9982528
9982518
9982516
9982511
9982494
9982490
9982489
9982485
9982474
9982473
9982468
9982465
9982464
9982459
9982459
9982455
9982435
9982412
9982408
9982375
9982375
9982367
9982365
9982364
9982364
9982359
9982358
9982354
9982344
9982331
9982330
9982314
9982312
9982307
9982305
9982302
9982301
9982293
9982292
9982290
9982289
9982287
9982276
9982266
9982260
9982260
9982259
9982254
9982251
9982249
9982248
9982245
9982236
9982230
9982225
9982222
9982214
9982207
9982203
9982201
9982194
9982193
9982184
9982171
9982160
9982159
9982157
9982156
9982155
9982149
9982149
9982147
9982136
9982133
9982125
9982121
9982118
9982116
9982114
9982109
9982091
9982089
9982089
9982085
9982082
9982081
9982081
9982079
9982056
9982056
9982055
9982045
9982034
9982033
9982030
9982028
9982022
9982019
9982018
9982011
9982005
9981990
9981989
9981971
9981970
9981968
9981941
9981927
9981924
9981913
9981904
9981900
9981893
9981886
9981877
9981871
9981867
9981866
9981863
9981856
9981838
9981822
9981817
9981813
9981811
9981810
9981806
9981805
9981796
9981796
9981767
9981762
9981761
9981759
9981757
9981754
9981752
9981751
9981744
9981730
9981720
9981709
9981709
9981697
9981685
9981684
9981679
9981674
9981672
9981654
9981651
9981645
9981645
9981644
9981644
9981644
9981629
9981626
9981617
9981609
9981606
9981606
9981601
9981589
9981584
9981582
9981569
9981555
9981549
9981546
9981542
9981539
9981530
9981525
9981519
9981517
9981503
9981503
9981494
9981491
9981491
9981486
9981478
9981474
9981467
9981466
9981465
9981464
9981463
9981462
9981459
9981442
9981440
9981436
9981433
9981424
9981421
9981421
9981414
9981413
9981413
9981410
9981406
9981402
9981397
9981391
9981390
9981389
9981386
9981379
9981379
9981363
9981360
9981360
9981344
9981336
9981336
9981335
9981330
9981325
9981323
9981317
9981317
9981316
9981315
9981313
9981313
9981307
9981295
9981294
9981288
9981286
9981278
9981276
9981275
9981274
9981273
9981271
9981268
9981261
9981261
9981248
9981242
9981235
9981233
9981231
9981231
9981219
9981203
9981197
9981195
9981194
9981190
9981183
9981181
9981178
9981175
9981173
9981161
9981159
9981156
9981156
9981155
9981154
9981153
9981145
9981136
9981127
9981112
9981104
9981102
9981094
9981089
9981087
9981086
9981081
9981079
9981079
9981065
9981063
9981052
9981052
9981051
9981045
9981042
9981027
9981017
9981011
9981011
9981008
9981007
9981006
9981003
9980980
9980976
9980974
9980967
9980967
9980961
9980960
9980957
9980956
9980949
9980949
9980949
9980942
9980938
9980936
9980935
9980934
9980934
9980931
9980930
9980928
9980926
9980913
9980891
9980889
9980882
9980880
9980878
9980873
9980869
9980867
9980862
9980859
9980852
9980849
9980848
9980846
9980845
9980842
9980840
9980838
9980834
9980815
9980811
9980807
9980805
9980802
9980801
9980788
9980780
9980773
9980772
9980772
9980767
9980764
9980761
9980761
9980748
9980747
9980744
9980741
9980733
9980733
9980730
9980720
9980715
9980714
9980714
9980709
9980706
9980706
9980706
9980703
9980702
9980702
9980701
9980694
9980693
9980684
9980681
9980678
9980678
9980673
9980672
9980666
9980666
9980665
9980663
9980658
9980658
9980657
9980657
9980652
9980648
9980644
9980637
9980635
9980634
9980631
9980624
9980624
9980620
9980614
9980612
9980610
9980608
9980606
9980605
9980600
9980600
9980600
9980599
9980591
9980586
9980582
9980582
9980576
9980575
9980573
9980563
9980558
9980552
9980549
9980542
9980538
9980530
9980525
9980523
9980521
9980514
9980496
9980487
9980483
9980483
9980479
9980474
9980473
9980473
9980440
9980433
9980430
9980426
9980423
9980421
9980412
9980410
9980401
9980395
9980389
9980380
9980379
9980369
9980361
9980350
9980350
9980349
9980335
9980331
9980329
9980327
9980326
9980322
9980318
9980309
9980300
9980293
9980282
9980280
9980278
9980275
9980273
9980270
9980264
9980240
9980238
9980230
9980228
9980227
9980227
9980224
9980218
9980215
9980213
9980209
9980204
9980203
9980202
9980193
9980188
9980186
9980171
9980161
9980156
9980155
9980149
9980149
9980149
9980148
9980148
9980145
9980134
9980130
9980127
9980126
9980122
9980121
9980119
9980117
9980112
9980105
9980105
9980089
9980085
9980085
9980084
9980079
9980079
9980077
9980068
9980068
9980061
9980057
9980056
9980048
9980036
9980030
9980018
9980009
9980000
9979997
9979993
9979992
9979988
9979983
9979980
9979978
9979978
9979975
9979973
9979968
9979965
9979959
9979950
9979946
9979928
9979910
9979908
9979907
9979902
9979902
9979900
9979900
9979896
9979893
9979881
9979881
9979878
9979875
9979872
9979861
9979860
9979833
9979828
9979813
9979809
9979809
9979808
9979806
9979805
9979791
9979791
9979789
9979784
9979781
9979775
9979766
9979758
9979757
9979753
9979751
9979735
9979735
9979732
9979720
9979719
9979715
9979712
9979710
9979709
9979708
9979703
9979699
9979694
9979687
9979685
9979680
9979671
9979667
9979661
9979656
9979655
9979653
9979648
9979648
9979637
9979637
9979633
9979628
9979621
9979618
9979616
9979613
9979611
9979609
9979607
9979604
9979603
9979603
9979599
9979596
9979594
9979588
9979580
9979579
9979570
9979564
9979562
9979560
9979558
9979550
9979545
9979541
9979541
9979530
9979525
9979524
9979523
9979519
9979510
9979502
9979500
9979498
9979498
9979497
9979496
9979489
9979489
9979485
9979481
9979472
9979470
9979464
9979462
9979461
9979452
9979450
9979441
9979441
9979431
9979428
9979428
9979419
9979412
9979407
9979407
9979404
9979403
9979402
9979394
9979394
9979394
9979374
9979373
9979370
9979366
9979365
9979363
9979358
9979356
9979354
9979352
9979352
9979338
9979334
9979333
9979329
9979324
9979319
9979319
9979310
9979310
9979309
9979307
9979306
9979300
9979300
9979290
9979288
9979288
9979287
9979284
9979275
9979274
9979263
9979251
9979238
9979233
9979232
9979232
9979231
9979229
9979226
9979222
9979221
9979218
9979214
9979208
9979201
9979195
9979190
9979186
9979186
9979185
9979180
9979170
9979164
9979161
9979155
9979145
9979145
9979141
9979138
9979137
9979134
9979132
9979130
9979126
9979125
9979120
9979119
9979114
9979106
9979101
9979100
9979097
9979092
9979084
9979076
9979075
9979074
9979072
9979071
9979063
9979061
9979057
9979046
9979030
9979027
9979026
9979022
9979020
9979017
9979016
9979004
9979003
9978998
9978988
9978986
9978986
9978983
9978982
9978978
9978973
9978971
9978970
9978970
9978968
9978948
9978941
9978936
9978924
9978923
9978921
9978916
9978913
9978911
9978907
9978899
9978891
9978888
9978888
9978881
9978879
9978877
9978875
9978875
9978869
9978868
9978867
9978867
9978855
9978841
9978831
9978817
9978817
9978814
9978810
9978805
9978803
9978797
9978794
9978792
9978786
9978775
9978768
9978764
9978764
9978762
9978753
9978750
9978743
9978741
9978738
9978734
9978725
9978723
9978722
9978718
9978710
9978699
9978693
9978688
9978678
9978674
9978671
9978654
9978645
9978639
9978629
9978615
9978609
9978604
9978594
9978582
9978579
9978578
9978564
9978556
9978552
9978543
9978527
9978521
9978506
9978493
9978489
9978488
9978487
9978483
9978478
9978466
9978465
9978465
9978461
9978461
9978456
9978452
9978450
9978448
9978444
9978440
9978438
9978430
9978425
9978422
9978421
9978418
9978415
9978413
9978413
9978406
9978401
9978395
9978384
9978372
9978369
9978363
9978359
9978322
9978321
9978316
9978314
9978311
9978309
9978307
9978307
9978306
9978303
9978302
9978290
9978288
9978287
9978268
9978258
9978257
9978256
9978255
9978246
9978242
9978237
9978236
9978236
9978220
9978215
9978211
9978203
9978201
9978193
9978181
9978168
9978165
9978165
9978155
9978145
9978136
9978135
9978134
9978133
9978128
9978128
9978120
9978119
9978102
9978092
9978087
9978085
9978082
9978081
9978079
9978068
9978066
9978056
9978053
9978052
9978046
9978040
9978039
9978032
9978028
9978026
9978025
9978025
9978022
9978022
9978020
9978019
9978018
9978017
9978002
9978000
9977998
9977996
9977969
9977966
9977956
9977947
9977941
9977940
9977934
9977927
9977917
9977916
9977916
9977915
9977911
9977901
9977897
9977896
9977888
9977887
9977882
9977880
9977879
9977872
9977862
9977858
9977853
9977841
9977837
9977837
9977835
9977835
9977829
9977827
9977826
9977824
9977822
9977816
9977798
9977793
9977790
9977789
9977785
9977782
9977778
9977774
9977770
9977769
9977766
9977766
9977746
9977743
9977727
9977726
9977726
9977725
9977724
9977717
9977714
9977712
9977710
9977709
9977706
9977704
9977688
9977672
9977665
9977659
9977652
9977642
9977642
9977640
9977636
9977635
9977633
9977631
9977628
9977620
9977619
9977615
9977612
9977610
9977609
9977608
9977607
9977604
9977598
9977597
9977596
9977588
9977576
9977572
9977560
9977555
9977549
9977545
9977540
9977536
9977534
9977521
9977500
9977496
9977490
9977490
9977482
9977463
9977455
9977446
9977444
9977444
9977438
9977437
9977436
9977429
9977416
9977403
9977402
9977400
9977395
9977392
9977390
9977387
9977383
9977382
9977369
9977368
9977368
9977364
9977359
9977344
9977341
9977337
9977334
9977334
9977331
9977330
9977321
9977320
9977313
9977310
9977307
9977302
9977301
9977301
9977295
9977295
9977292
9977283
9977280
9977273
9977273
9977270
9977269
9977257
9977252
9977250
9977245
9977243
9977235
9977227
9977217
9977215
9977214
9977214
9977204
9977200
9977198
9977194
9977189
9977189
9977182
9977176
9977173
9977172
9977167
9977161
9977160
9977140
9977138
9977135
9977132
9977126
9977123
9977121
9977119
9977098
9977091
9977090
9977084
9977083
9977074
9977072
9977067
9977063
9977061
9977055
9977051
9977048
9977045
9977039
9977031
9977031
9977029
9977027
9977026
9977022
9977015
9977011
9977008
9976992
9976982
9976980
9976968
9976955
9976953
9976919
9976917
9976916
9976912
9976906
9976900
9976893
9976892
9976879
9976865
9976863
9976862
9976861
9976860
9976857
9976829
9976820
9976817
9976816
9976809
9976804
9976804
9976801
9976787
9976769
9976767
9976763
9976755
9976754
9976747
9976745
9976739
9976735
9976726
9976725
9976715
9976711
9976703
9976699
9976695
9976687
9976679
9976678
9976675
9976664
9976663
9976663
9976656
9976655
9976649
9976642
9976628
9976626
9976623
9976620
9976619
9976616
9976615
9976614
9976613
9976607
9976603
9976598
9976591
9976591
9976589
9976581
9976579
9976576
9976568
9976566
9976563
9976559
9976557
9976545
9976545
9976522
9976521
9976517
9976513
9976512
9976505
9976489
9976488
9976485
9976485
9976484
9976483
9976482
9976481
9976470
9976470
9976467
9976466
9976463
9976460
9976454
9976450
9976448
9976443
9976441
9976441
9976441
9976440
9976439
9976438
9976433
9976430
9976425
9976425
9976401
9976395
9976393
9976392
9976390
9976381
9976379
9976374
9976368
9976357
9976356
9976346
9976338
9976331
9976327
9976318
9976300
9976294
9976293
9976285
9976283
9976280
9976275
9976273
9976261
9976246
9976246
9976243
9976241
9976236
9976235
9976233
9976219
9976217
9976211
9976206
9976204
9976199
9976198
9976194
9976193
9976187
9976187
9976179
9976171
9976169
9976165
9976160
9976157
9976145
9976141
9976136
9976133
9976129
9976128
9976125
9976125
9976110
9976103
9976092
9976087
9976082
9976079
9976071
9976069
9976066
9976064
9976063
9976059
9976054
9976048
9976041
9976031
9976029
9976024
9976014
9976013
9976008
9976005
9975995
9975986
9975984
9975981
9975972
9975965
9975957
9975953
9975947
9975946
9975934
9975932
9975928
9975918
9975914
9975907
9975904
9975899
9975897
9975895
9975884
9975870
9975870
9975862
9975861
9975844
9975838
9975831
9975828
9975828
9975822
9975818
9975810
9975809
9975807
9975801
9975796
9975779
9975779
9975773
9975772
9975771
9975770
9975739
9975738
9975735
9975733
9975732
9975732
9975730
9975725
9975724
9975721
9975716
9975710
9975684
9975684
9975683
9975676
9975672
9975664
9975664
9975657
9975655
9975643
9975643
9975642
9975640
9975634
9975622
9975619
9975618
9975613
9975608
9975605
9975599
9975597
9975592
9975586
9975576
9975573
9975569
9975562
9975561
9975553
9975550
9975548
9975539
9975539
9975538
9975533
9975528
9975528
9975525
9975524
9975523
9975516
9975514
9975512
9975512
9975500
9975489
9975487
9975480
9975472
9975471
9975471
9975460
9975456
9975453
9975449
9975449
9975447
9975446
9975445
9975437
9975437
9975435
9975435
9975433
9975429
9975425
9975413
9975413
9975403
9975371
9975367
9975366
9975363
9975355
9975349
9975343
9975340
9975340
9975336
9975332
9975332
9975328
9975322
9975317
9975313
9975310
9975303
9975302
9975301
9975299
9975291
9975285
9975282
9975280
9975276
9975274
9975258
9975255
9975254
9975246
9975244
9975237
9975236
9975234
9975233
9975232
9975229
9975228
9975224
9975208
9975204
9975198
9975188
9975185
9975165
9975158
9975145
9975144
9975144
9975142
9975141
9975138
9975121
9975114
9975111
9975105
9975094
9975093
9975084
9975079
9975074
9975064
9975056
9975050
9975047
9975041
9975040
9975039
9975030
9975021
9975019
9975014
9975011
9975005
9974990
9974987
9974985
9974984
9974981
9974977
9974973
9974967
9974951
9974951
9974945
9974943
9974943
9974939
9974938
9974929
9974922
9974920
9974916
9974915
9974913
9974908
9974905
9974894
9974893
9974885
9974885
9974879
9974878
9974874
9974871
9974869
9974866
9974866
9974864
9974860
9974855
9974854
9974854
9974853
9974852
9974846
9974844
9974842
9974835
9974824
9974815
9974810
9974795
9974794
9974793
9974792
9974790
9974789
9974777
9974773
9974764
9974759
9974750
9974747
9974743
9974742
9974740
9974735
9974730
9974725
9974711
9974699
9974699
9974697
9974695
9974694
9974691
9974690
9974681
9974680
9974679
9974676
9974675
9974664
9974663
9974661
9974660
9974659
9974658
9974656
9974654
9974642
9974641
9974639
9974629
9974628
9974626
9974624
9974616
9974613
9974609
9974597
9974595
9974586
9974584
9974577
9974577
9974574
9974566
9974564
9974561
9974556
9974555
9974549
9974545
9974545
9974540
9974521
9974520
9974517
9974490
9974484
9974484
9974479
9974465
9974464
9974464
9974463
9974459
9974453
9974450
9974449
9974448
9974446
9974439
9974437
9974436
9974425
9974424
9974420
9974415
9974404
9974391
9974391
9974373
9974353
9974351
9974344
9974342
9974342
9974331
9974329
9974321
9974312
9974307
9974307
9974307
9974303
9974285
9974279
9974272
9974270
9974263
9974256
9974253
9974250
9974250
9974249
9974244
9974239
9974237
9974236
9974233
9974232
9974231
9974228
9974222
9974221
9974216
9974213
9974204
9974199
9974197
9974187
9974183
9974180
9974180
9974174
9974174
9974173
9974172
9974171
9974167
9974160
9974158
9974137
9974131
9974129
9974128
9974127
9974118
9974102
9974102
9974102
9974101
9974091
9974088
9974082
9974070
9974064
9974057
9974034
9974027
9974020
9974019
9974016
9974016
9974010
9974000
9973997
9973992
9973979
9973979
9973970
9973970
9973964
9973955
9973950
9973950
9973947
9973941
9973937
9973928
9973913
9973912
9973888
9973878
9973878
9973873
9973872
9973861
9973859
9973852
9973852
9973850
9973847
9973845
9973833
9973824
9973824
9973819
9973808
9973806
9973792
9973791
9973777
9973776
9973772
9973770
9973768
9973736
9973732
9973724
9973718
9973717
9973712
9973698
9973691
9973682
9973668
9973668
9973667
9973663
9973652
9973647
9973637
9973633
9973633
9973630
9973608
9973591
9973587
9973585
9973575
9973569
9973564
9973560
9973556
9973550
9973547
9973544
9973540
9973534
9973523
9973523
9973521
9973520
9973518
9973518
9973515
9973507
9973506
9973506
9973506
9973505
9973487
9973484
9973483
9973476
9973473
9973472
9973470
9973468
9973460
9973458
9973458
9973431
9973429
9973427
9973419
9973418
9973415
9973402
9973401
9973396
9973393
9973392
9973390
9973388
9973375
9973373
9973367
9973357
9973348
9973347
9973346
9973337
9973336
9973322
9973312
9973312
9973307
9973306
9973302
9973301
9973292
9973290
9973283
9973279
9973278
9973277
9973266
9973265
9973249
9973248
9973246
9973245
9973244
9973243
9973243
9973237
9973235
9973234
9973232
9973224
9973223
9973220
9973220
9973219
9973218
9973207
9973207
9973207
9973206
9973201
9973187
9973185
9973184
9973178
9973176
9973171
9973169
9973165
9973163
9973160
9973156
9973153
9973146
9973145
9973141
9973140
9973134
9973122
9973120
9973118
9973115
9973114
9973112
9973095
9973085
9973084
9973078
9973075
9973074
9973071
9973057
9973053
9973051
9973047
9973042
9973036
9973033
9973032
9973031
9973027
9973026
9973026
9973024
9973012
9973011
9973008
9973008
9972993
9972992
9972990
9972990
9972971
9972968
9972943
9972935
9972935
9972931
9972917
9972912
9972905
9972889
9972886
9972876
9972861
9972859
9972847
9972846
9972843
9972837
9972837
9972833
9972824
9972816
9972814
9972812
9972806
9972803
9972800
9972797
9972790
9972781
9972780
9972775
9972769
9972767
9972765
9972763
9972763
9972752
9972746
9972745
9972739
9972724
9972717
9972716
9972716
9972714
9972714
9972707
9972706
9972705
9972705
9972701
9972700
9972670
9972665
9972662
9972653
9972651
9972650
9972649
9972647
9972645
9972641
9972640
9972635
9972631
9972619
9972619
9972614
9972609
9972601
9972587
9972584
9972582
9972578
9972572
9972569
9972568
9972564
9972548
9972540
9972535
9972528
9972517
9972508
9972506
9972500
9972495
9972489
9972470
9972459
9972456
9972446
9972443
9972442
9972440
9972435
9972434
9972432
9972415
9972415
9972412
9972410
9972410
9972398
9972392
9972391
9972387
9972386
9972384
9972384
9972383
9972382
9972382
9972380
9972378
9972370
9972363
9972362
9972350
9972350
9972319
9972304
9972303
9972303
9972298
9972291
9972278
9972276
9972268
9972259
9972236
9972235
9972234
9972219
9972218
9972217
9972215
9972213
9972210
9972210
9972208
9972200
9972190
9972188
9972186
9972183
9972181
9972172
9972170
9972170
9972167
9972166
9972165
9972162
9972147
9972144
9972144
9972140
9972134
9972131
9972119
9972112
9972096
9972096
9972096
9972091
9972091
9972075
9972073
9972066
9972055
9972055
9972051
9972036
9972034
9972031
9972029
9972026
9972004
9972003
9972002
9971997
9971993
9971984
9971979
9971974
9971974
9971957
9971939
9971937
9971936
9971932
9971930
9971922
9971917
9971911
9971911
9971902
9971897
9971896
9971894
9971885
9971885
9971885
9971883
9971882
9971881
9971876
9971859
9971858
9971856
9971853
9971849
9971837
9971830
9971826
9971826
9971821
9971813
9971808
9971778
9971774
9971773
9971763
9971759
9971750
9971740
9971734
9971729
9971726
9971725
9971714
9971712
9971702
9971698
9971673
9971668
9971655
9971647
9971647
9971644
9971642
9971630
9971630
9971630
9971626
9971621
9971614
9971610
9971606
9971605
9971600
9971595
9971594
9971594
9971587
9971582
9971575
9971571
9971570
9971556
9971555
9971550
9971550
9971542
9971540
9971536
9971530
9971525
9971516
9971514
9971510
9971509
9971507
9971507
9971506
9971503
9971502
9971500
9971488
9971469
9971454
9971442
9971442
9971440
9971429
9971422
9971409
9971409
9971406
9971397
9971392
9971392
9971390
9971389
9971385
9971384
9971383
9971381
9971376
9971372
9971364
9971343
9971340
9971333
9971325
9971322
9971320
9971319
9971313
9971302
9971302
9971296
9971291
9971289
9971287
9971283
9971279
9971274
9971269
9971256
9971253
9971252
9971247
9971243
9971241
9971237
9971236
9971234
9971230
9971223
9971220
9971217
9971216
9971212
9971209
9971200
9971197
9971193
9971189
9971188
9971185
9971179
9971174
9971172
9971171
9971167
9971165
9971162
9971160
9971144
9971132
9971119
9971119
9971117
9971112
9971107
9971100
9971097
9971084
9971083
9971082
9971077
9971069
9971067
9971063
9971060
9971060
9971054
9971053
9971052
9971049
9971044
9971042
9971040
9971038
9971037
9971026
9971026
9971017
9971015
9971006
9971006
9971004
9971000
9970996
9970991
9970983
9970980
9970978
9970972
9970969
9970966
9970947
9970914
9970914
9970913
9970911
9970908
9970902
9970899
9970898
9970897
9970889
9970876
9970872
9970870
9970864
9970847
9970844
9970833
9970832
9970826
9970823
9970815
9970810
9970806
9970806
9970806
9970794
9970790
9970785
9970781
9970775
9970774
9970771
9970766
9970751
9970750
9970746
9970746
9970734
9970732
9970730
9970728
9970723
9970721
9970717
9970716
9970708
9970704
9970703
9970699
9970697
9970696
9970695
9970691
9970690
9970688
9970687
9970684
9970684
9970677
9970677
9970677
9970676
9970673
9970673
9970672
9970672
9970668
9970664
9970660
9970652
9970635
9970632
9970632
9970629
9970626
9970622
9970613
9970599
9970593
9970593
9970572
9970571
9970567
9970550
9970542
9970535
9970516
9970513
9970501
9970490
9970487
9970484
9970483
9970474
9970465
9970463
9970462
9970448
9970448
9970446
9970443
9970434
9970433
9970430
9970426
9970424
9970422
9970421
9970421
9970411
9970403
9970402
9970397
9970395
9970390
9970383
9970381
9970379
9970376
9970373
9970373
9970371
9970359
9970356
9970352
9970341
9970339
9970337
9970337
9970330
9970327
9970315
9970311
9970306
9970292
9970291
9970289
9970281
9970275
9970275
9970263
9970263
9970252
9970249
9970247
9970235
9970233
9970228
9970226
9970223
9970201
9970201
9970195
9970191
9970191
9970186
9970171
9970167
9970166
9970162
9970150
9970146
9970145
9970145
9970141
9970140
9970137
9970135
9970134
9970134
9970133
9970126
9970124
9970117
9970115
9970112
9970110
9970097
9970095
9970077
9970071
9970063
9970061
9970059
9970056
9970054
9970053
9970050
9970048
9970046
9970043
9970041
9970038
9970033
9970028
9970026
9970018
9970017
9970007
9970005
9970000
9969998
9969996
9969993
9969991
9969981
9969970
9969962
9969959
9969958
9969954
9969954
9969947
9969942
9969939
9969939
9969938
9969932
9969926
9969924
9969921
9969913
9969902
9969901
9969899
9969899
9969889
9969884
9969875
9969871
9969860
9969852
9969850
9969849
9969847
9969846
9969846
9969837
9969825
9969818
9969807
9969805
9969805
9969800
9969791
9969781
9969780
9969778
9969757
9969742
9969739
9969725
9969721
9969712
9969710
9969702
9969697
9969694
9969686
9969682
9969679
9969671
9969652
9969652
9969650
9969631
9969631
9969627
9969620
9969618
9969603
9969598
9969594
9969582
9969571
9969567
9969556
9969556
9969553
9969550
9969549
9969541
9969539
9969532
9969531
9969529
9969528
9969527
9969525
9969515
9969495
9969492
9969490
9969485
9969484
9969480
9969474
9969469
9969467
9969465
9969453
9969450
9969450
9969446
9969444
9969440
9969435
9969430
9969430
9969414
9969408
9969405
9969394
9969388
9969383
9969383
9969376
9969375
9969369
9969363
9969357
9969354
9969344
9969338
9969331
9969324
9969319
9969313
9969311
9969311
9969310
9969301
9969299
9969293
9969286
9969273
9969266
9969263
9969263
9969260
9969248
9969242
9969241
9969236
9969235
9969233
9969233
9969222
9969210
9969209
9969197
9969196
9969195
9969192
9969190
9969187
9969187
9969169
9969165
9969165
9969156
9969152
9969151
9969143
9969139
9969134
9969127
9969114
9969113
9969110
9969091
9969089
9969087
9969078
9969074
9969072
9969072
9969067
9969066
9969063
9969057
9969057
9969056
9969052
9969052
9969050
9969048
9969047
9969046
9969046
9969045
9969041
9969039
9969034
9969030
9969029
9969024
9969023
9969022
9969011
9969007
9969001
9969000
9968991
9968991
9968985
9968972
9968968
9968963
9968959
9968959
9968954
9968952
9968951
9968944
9968940
9968939
9968936
9968935
9968935
9968925
9968925
9968916
9968914
9968914
9968913
9968913
9968906
9968905
9968895
9968889
9968886
9968885
9968884
9968877
9968871
9968867
9968864
9968852
9968848
9968844
9968840
9968840
9968840
9968839
9968835
9968830
9968822
9968820
9968818
9968818
9968809
9968794
9968792
9968790
9968789
9968777
9968770
9968770
9968769
9968764
9968760
9968754
9968753
9968753
9968746
9968745
9968742
9968739
9968733
9968720
9968718
9968710
9968694
9968685
9968679
9968678
9968675
9968675
9968669
9968660
9968658
9968657
9968651
9968648
9968647
9968646
9968642
9968625
9968623
9968622
9968620
9968614
9968609
9968607
9968606
9968601
9968600
9968583
9968571
9968568
9968566
9968550
9968549
9968546
9968545
9968539
9968537
9968534
9968529
9968528
9968524
9968515
9968509
9968504
9968502
9968491
9968490
9968487
9968475
9968472
9968458
9968451
9968448
9968446
9968430
9968427
9968423
9968419
9968414
9968414
9968397
9968390
9968386
9968376
9968375
9968374
9968372
9968368
9968359
9968354
9968347
9968344
9968344
9968344
9968340
9968336
9968331
9968330
9968325
9968323
9968318
9968313
9968298
9968295
9968293
9968279
9968275
9968265
9968263
9968257
9968256
9968252
9968250
9968237
9968237
9968233
9968227
9968226
9968222
9968218
9968216
9968214
9968213
9968210
9968208
9968204
9968199
9968197
9968196
9968187
9968181
9968174
9968173
9968172
9968166
9968166
9968160
9968156
9968153
9968135
9968134
9968125
9968119
9968101
9968090
9968089
9968081
9968074
9968056
9968051
9968050
9968045
9968043
9968040
9968038
9968029
9968029
9968022
9968017
9968016
9968003
9968000
9967995
9967987
9967980
9967978
9967972
9967969
9967969
9967964
9967960
9967953
9967950
9967949
9967949
9967946
9967938
9967938
9967938
9967930
9967921
9967914
9967914
9967901
9967897
9967894
9967890
9967884
9967873
9967870
9967862
9967855
9967853
9967849
9967848
9967847
9967828
9967818
9967810
9967807
9967796
9967791
9967789
9967788
9967785
9967783
9967782
9967779
9967777
9967764
9967755
9967752
9967749
9967748
9967747
9967732
9967731
9967728
9967714
9967714
9967710
9967707
9967706
9967704
9967699
9967699
9967697
9967689
9967689
9967686
9967672
9967668
9967658
9967645
9967644
9967624
9967624
9967622
9967619
9967618
9967611
9967594
9967593
9967587
9967573
9967570
9967556
9967554
9967550
9967546
9967545
9967543
9967539
9967539
9967532
9967528
9967523
9967522
9967511
9967510
9967508
9967506
9967504
9967493
9967491
9967488
9967483
9967482
9967482
9967476
9967475
9967469
9967464
9967459
9967459
9967459
9967454
9967453
9967450
9967444
9967436
9967430
9967422
9967412
9967394
9967382
9967375
9967371
9967366
9967365
9967360
9967359
9967356
9967348
9967344
9967336
9967326
9967324
9967319
9967318
9967316
9967314
9967310
9967303
9967302
9967300
9967289
9967286
9967286
9967281
9967274
9967267
9967267
9967262
9967255
9967249
9967235
9967232
9967230
9967225
9967224
9967223
9967217
9967212
9967209
9967209
9967202
9967198
9967193
9967184
9967184
9967182
9967167
9967164
9967160
9967160
9967155
9967151
9967148
9967143
9967135
9967134
9967134
9967128
9967120
9967114
9967109
9967108
9967104
9967104
9967100
9967098
9967093
9967088
9967085
9967084
9967083
9967079
9967077
9967077
9967076
9967073
9967070
9967070
9967064
9967060
9967055
9967040
9967033
9967019
9967009
9967008
9967006
9967002
9967002
9966998
9966994
9966991
9966988
9966981
9966980
9966976
9966972
9966968
9966968
9966963
9966963
9966949
9966938
9966937
9966932
9966907
9966906
9966893
9966888
9966881
9966879
9966874
9966872
9966849
9966843
9966838
9966834
9966833
9966824
9966809
9966806
9966803
9966801
9966798
9966790
9966785
9966782
9966763
9966757
9966755
9966753
9966752
9966743
9966740
9966737
9966736
9966732
9966728
9966714
9966710
9966701
9966696
9966691
9966686
9966669
9966669
9966663
9966658
9966652
9966647
9966647
9966644
9966643
9966640
9966640
9966640
9966634
9966632
9966627
9966625
9966623
9966617
9966605
9966598
9966593
9966592
9966582
9966580
9966579
9966578
9966569
9966564
9966562
9966558
9966557
9966550
9966543
9966542
9966521
9966517
9966512
9966504
9966492
9966484
9966480
9966478
9966469
9966465
9966461
9966438
9966436
9966435
9966429
9966427
9966425
9966424
9966417
9966416
9966408
9966405
9966399
9966395
9966395
9966394
9966390
9966388
9966380
9966378
9966377
9966376
9966362
9966360
9966349
9966343
9966341
9966339
9966329
9966327
9966326
9966325
9966312
9966309
9966303
9966299
9966297
9966296
9966294
9966283
9966277
9966272
9966270
9966268
9966263
9966255
9966250
9966237
9966236
9966234
9966233
9966232
9966224
9966222
9966215
9966192
9966183
9966180
9966178
9966175
9966173
9966166
9966162
9966150
9966141
9966140
9966131
9966128
9966128
9966123
9966117
9966108
9966105
9966100
9966100
9966096
9966096
9966092
9966092
9966091
9966088
9966086
9966084
9966083
9966074
9966068
9966068
9966066
9966057
9966052
9966049
9966047
9966041
9966038
9966034
9966031
9966024
9966020
9966014
9965994
9965994
9965993
9965988
9965982
9965978
9965976
9965971
9965971
9965966
9965960
9965950
9965949
9965943
9965940
9965936
9965934
9965931
9965922
9965916
9965916
9965915
9965909
9965896
9965892
9965890
9965889
9965889
9965888
9965886
9965879
9965878
9965876
9965869
9965863
9965855
9965848
9965844
9965829
9965829
9965817
9965798
9965797
9965793
9965787
9965786
9965782
9965769
9965764
9965752
9965741
9965739
9965732
9965731
9965729
9965727
9965720
9965711
9965709
9965696
9965686
9965681
9965677
9965665
9965663
9965650
9965649
9965635
9965628
9965615
9965615
9965612
9965607
9965597
9965593
9965588
9965588
9965586
9965583
9965569
9965565
9965559
9965551
9965549
9965548
9965546
9965541
9965536
9965516
9965514
9965510
9965505
9965495
9965494
9965489
9965475
9965469
9965465
9965463
9965451
9965445
9965443
9965437
9965433
9965408
9965400
9965397
9965394
9965393
9965392
9965389
9965356
9965356
9965350
9965348
9965339
9965336
9965334
9965323
9965321
9965319
9965314
9965314
9965307
9965305
9965304
9965299
9965288
9965277
9965276
9965275
9965258
9965256
9965256
9965249
9965247
9965247
9965245
9965243
9965243
9965242
9965239
9965234
9965231
9965231
9965230
9965228
9965222
9965218
9965212
9965211
9965209
9965209
9965193
9965192
9965182
9965173
9965169
9965169
9965168
9965164
9965163
9965157
9965151
9965145
9965144
9965144
9965133
9965129
9965127
9965124
9965119
9965115
9965104
9965104
9965102
9965095
9965095
9965089
9965088
9965083
9965083
9965082
9965079
9965074
9965068
9965066
9965062
9965049
9965045
9965043
9965037
9965031
9965023
9965020
9965010
9965009
9965005
9965003
9964993
9964988
9964986
9964986
9964985
9964983
9964982
9964972
9964968
9964962
9964948
9964946
9964943
9964935
9964929
9964918
9964914
9964912
9964905
9964901
9964888
9964886
9964883
9964881
9964880
9964875
9964872
9964871
9964870
9964867
9964865
9964859
9964857
9964857
9964853
9964848
9964840
9964814
9964802
9964797
9964788
9964775
9964769
9964760
9964758
9964755
9964749
9964741
9964741
9964740
9964733
9964730
9964726
9964723
9964714
9964712
9964712
9964702
9964699
9964698
9964697
9964696
9964695
9964677
9964677
9964674
9964663
9964654
9964654
9964638
9964635
9964625
9964625
9964624
9964616
9964608
9964603
9964603
9964603
9964594
9964592
9964591
9964590
9964588
9964586
9964578
9964564
9964563
9964563
9964557
9964557
9964554
9964553
9964550
9964538
9964531
9964522
9964522
9964514
9964511
9964494
9964485
9964482
9964470
9964463
9964463
9964451
9964449
9964446
9964442
9964431
9964428
9964425
9964418
9964414
9964412
9964410
9964406
9964405
9964399
9964382
9964376
9964370
9964367
9964361
9964359
9964352
9964342
9964340
9964334
9964328
9964320
9964315
9964310
9964309
9964296
9964292
9964278
9964277
9964276
9964274
9964264
9964256
9964253
9964252
9964248
9964243
9964240
9964230
9964227
9964226
9964211
9964202
9964201
9964188
9964186
9964165
9964165
9964164
9964160
9964159
9964154
9964146
9964144
9964144
9964134
9964131
9964129
9964127
9964123
9964121
9964117
9964107
9964102
9964102
9964099
9964093
9964092
9964067
9964061
9964058
9964044
9964038
9964035
9964030
9964027
9964022
9964018
9964016
9964015
9964013
9964013
9964011
9964001
9963976
9963970
9963967
9963965
9963963
9963962
9963954
9963945
9963935
9963934
9963918
9963916
9963915
9963908
9963895
9963892
9963892
9963884
9963881
9963870
9963866
9963864
9963861
9963858
9963837
9963827
9963826
9963821
9963817
9963811
9963811
9963809
9963803
9963803
9963800
9963799
9963796
9963794
9963788
9963780
9963779
9963778
9963765
9963758
9963753
9963753
9963752
9963749
9963745
9963730
9963714
9963712
9963711
9963709
9963704
9963699
9963698
9963697
9963696
9963694
9963693
9963692
9963691
9963684
9963682
9963682
9963675
9963643
9963642
9963636
9963632
9963629
9963617
9963606
9963605
9963596
9963591
9963590
9963590
9963588
9963587
9963582
9963571
9963571
9963568
9963568
9963565
9963557
9963555
9963548
9963544
9963544
9963542
9963540
9963540
9963536
9963527
9963514
9963513
9963507
9963502
9963499
9963492
9963492
9963488
9963484
9963480
9963475
9963472
9963472
9963471
9963460
9963460
9963454
9963445
9963439
9963437
9963436
9963434
9963432
9963429
9963424
9963416
9963409
9963406
9963393
9963384
9963383
9963382
9963380
9963364
9963350
9963340
9963329
9963325
9963314
9963310
9963310
9963307
9963297
9963294
9963294
9963291
9963283
9963281
9963280
9963276
9963272
9963267
9963258
9963252
9963250
9963249
9963227
9963223
9963222
9963221
9963205
9963193
9963188
9963180
9963177
9963176
9963169
9963169
9963167
9963165
9963162
9963161
9963161
9963157
9963152
9963142
9963138
9963134
9963130
9963129
9963125
9963120
9963118
9963114
9963113
9963111
9963108
9963092
9963088
9963080
9963078
9963068
9963066
9963063
9963061
9963056
9963049
9963042
9963032
9963024
9963020
9963014
9963013
9963003
9963002
9963001
9962997
9962992
9962988
9962988
9962980
9962980
9962979
9962973
9962971
9962968
9962960
9962957
9962955
9962950
9962942
9962931
9962924
9962923
9962921
9962919
9962909
9962896
9962892
9962890
9962887
9962883
9962883
9962880
9962869
9962862
9962853
9962849
9962848
9962842
9962832
9962829
9962828
9962821
9962806
9962794
9962793
9962793
9962778
9962774
9962765
9962765
9962760
9962748
9962745
9962740
9962739
9962736
9962734
9962733
9962728
9962724
9962714
9962710
9962701
9962699
9962697
9962688
9962684
9962683
9962672
9962671
9962668
9962662
9962660
9962655
9962654
9962654
9962651
9962649
9962647
9962645
9962643
9962642
9962639
9962635
9962635
9962634
9962631
9962631
9962627
9962623
9962615
9962612
9962599
9962596
9962588
9962576
9962573
9962571
9962556
9962552
9962546
9962531
9962521
9962516
9962515
9962513
9962513
9962506
9962506
9962504
9962498
9962489
9962489
9962488
9962487
9962480
9962479
9962479
9962477
9962476
9962476
9962473
9962468
9962463
9962462
9962458
9962457
9962456
9962450
9962445
9962445
9962428
9962420
9962416
9962414
9962402
9962375
9962372
9962364
9962356
9962347
9962339
9962323
9962315
9962315
9962314
9962310
9962307
9962307
9962307
9962303
9962296
9962295
9962291
9962287
9962279
9962268
9962268
9962263
9962244
9962239
9962233
9962233
9962232
9962230
9962228
9962225
9962218
9962213
9962213
9962210
9962208
9962202
9962199
9962197
9962195
9962191
9962191
9962180
9962179
9962177
9962172
9962172
9962169
9962166
9962164
9962150
9962142
9962136
9962135
9962133
9962119
9962114
9962111
9962110
9962106
9962094
9962092
9962083
9962054
9962051
9962035
9962035
9962034
9962025
9962022
9962019
9962019
9962017
9962015
9962011
9962009
9962006
9962002
9961994
9961986
9961986
9961986
9961982
9961981
9961976
9961974
9961973
9961960
9961960
9961955
9961954
9961951
9961951
9961950
9961941
9961935
9961933
9961914
9961910
9961904
9961900
9961899
9961883
9961883
9961879
9961871
9961870
9961869
9961861
9961858
9961841
9961825
9961822
9961820
9961816
9961807
9961794
9961792
9961792
9961787
9961786
9961780
9961780
9961768
9961762
9961762
9961758
9961755
9961746
9961735
9961730
9961726
9961723
9961716
9961713
9961708
9961704
9961702
9961696
9961681
9961678
9961662
9961659
9961656
9961645
9961634
9961632
9961629
9961626
9961624
9961623
9961619
9961619
9961619
9961618
9961616
9961615
9961609
9961606
9961597
9961592
9961578
9961578
9961576
9961572
9961564
9961557
9961550
9961549
9961548
9961547
9961542
9961538
9961535
9961519
9961516
9961504
9961499
9961496
9961494
9961490
9961486
9961476
9961469
9961469
9961466
9961449
9961444
9961444
9961442
9961442
9961440
9961438
9961423
9961422
9961420
9961420
9961418
9961416
9961413
9961412
9961410
9961399
9961389
9961384
9961380
9961380
9961374
9961361
9961356
9961354
9961354
9961350
9961348
9961339
9961333
9961318
9961315
9961311
9961307
9961307
9961303
9961292
9961287
9961285
9961280
9961280
9961280
9961276
9961270
9961267
9961265
9961265
9961264
9961257
9961252
9961248
9961247
9961246
9961244
9961239
9961225
9961225
9961223
9961223
9961217
9961215
9961212
9961209
9961208
9961195
9961193
9961185
9961181
9961168
9961167
9961166
9961166
9961153
9961149
9961143
9961133
9961129
9961122
9961110
9961091
9961084
9961084
9961084
9961081
9961075
9961053
9961049
9961044
9961038
9961034
9961029
9961017
9961017
9961011
9961010
9961010
9961006
9961004
9960993
9960990
9960988
9960984
9960979
9960975
9960975
9960972
9960965
9960962
9960955
9960952
9960945
9960943
9960937
9960933
9960926
9960924
9960914
9960911
9960910
9960907
9960904
9960904
9960902
9960892
9960890
9960889
9960886
9960886
9960882
9960869
9960868
9960861
9960851
9960849
9960837
9960836
9960834
9960827
9960826
9960824
9960821
9960808
9960808
9960807
9960807
9960806
9960803
9960796
9960785
9960769
9960769
9960766
9960764
9960760
9960759
9960755
9960742
9960740
9960735
9960732
9960732
9960732
9960731
9960729
9960721
9960712
9960705
9960701
9960700
9960688
9960686
9960681
9960680
9960678
9960675
9960662
9960654
9960644
9960642
9960630
9960629
9960628
9960624
9960623
9960622
9960620
9960603
9960602
9960588
9960583
9960581
9960572
9960567
9960556
9960554
9960550
9960543
9960542
9960533
9960526
9960512
9960511
9960496
9960487
9960485
9960480
9960472
9960471
9960470
9960464
9960462
9960451
9960439
9960431
9960423
9960418
9960417
9960416
9960413
9960402
9960402
9960400
9960395
9960385
9960377
9960373
9960372
9960372
9960365
9960356
9960353
9960349
9960333
9960329
9960329
9960325
9960320
9960318
9960306
9960303
9960296
9960288
9960285
9960275
9960267
9960264
9960256
9960253
9960253
9960251
9960250
9960249
9960248
9960247
9960243
9960242
9960239
9960237
9960237
9960232
9960229
9960226
9960226
9960226
9960222
9960218
9960216
9960212
9960212
9960211
9960206
9960206
9960198
9960195
9960176
9960172
9960168
9960168
9960168
9960167
9960159
9960157
9960154
9960148
9960134
9960122
9960120
9960119
9960119
9960115
9960115
9960113
9960108
9960104
9960095
9960094
9960091
9960088
9960087
9960081
9960069
9960067
9960065
9960065
9960064
9960057
9960054
9960048
9960046
9960042
9960039
9960037
9960029
9960028
9960025
9960024
9960023
9960017
9960016
9960001
9960001
9960001
9960001
9959995
9959990
9959983
9959973
9959973
9959973
9959966
9959964
9959963
9959949
9959942
9959938
9959933
9959933
9959932
9959929
9959915
9959914
9959913
9959912
9959909
9959909
9959908
9959902
9959902
9959896
9959895
9959890
9959889
9959886
9959886
9959869
9959869
9959868
9959867
9959861
9959859
9959856
9959853
9959849
9959847
9959839
9959838
9959838
9959837
9959835
9959826
9959811
9959803
9959799
9959784
9959779
9959771
9959764
9959764
9959762
9959753
9959740
9959725
9959725
9959724
9959724
9959722
9959721
9959714
9959713
9959698
9959682
9959680
9959678
9959658
9959656
9959652
9959651
9959650
9959649
9959649
9959641
9959639
9959638
9959634
9959629
9959624
9959618
9959617
9959616
9959616
9959612
9959603
9959601
9959597
9959595
9959587
9959587
9959587
9959568
9959564
9959563
9959558
9959554
9959554
9959551
9959547
9959542
9959542
9959539
9959535
9959533
9959528
9959527
9959526
9959521
9959509
9959508
9959487
9959480
9959478
9959471
9959470
9959470
9959465
9959464
9959462
9959460
9959459
9959458
9959442
9959438
9959425
9959411
9959411
9959404
9959382
9959373
9959372
9959357
9959356
9959356
9959350
9959342
9959334
9959328
9959326
9959319
9959317
9959312
9959301
9959300
9959300
9959298
9959298
9959297
9959294
9959289
9959288
9959272
9959270
9959267
9959266
9959245
9959240
9959232
9959232
9959222
9959219
9959205
9959204
9959196
9959195
9959192
9959191
9959190
9959182
9959172
9959170
9959163
9959160
9959154
9959148
9959148
9959144
9959142
9959142
9959138
9959131
9959131
9959129
9959125
9959116
9959114
9959111
9959109
9959096
9959090
9959084
9959064
9959060
9959040
9959038
9959026
9959024
9959000
9958997
9958995
9958991
9958982
9958976
9958975
9958973
9958970
9958965
9958964
9958964
9958955
9958954
9958953
9958951
9958943
9958936
9958935
9958934
9958919
9958912
9958897
9958895
9958895
9958894
9958893
9958888
9958881
9958861
9958852
9958847
9958839
9958834
9958823
9958812
9958808
9958804
9958803
9958795
9958792
9958790
9958783
9958783
9958774
9958759
9958757
9958755
9958751
9958749
9958746
9958743
9958721
9958715
9958708
9958696
9958687
9958669
9958661
9958653
9958648
9958645
9958634
9958626
9958625
9958615
9958613
9958608
9958607
9958607
9958605
9958595
9958592
9958582
9958581
9958522
9958515
9958506
9958500
9958486
9958482
9958474
9958471
9958467
9958466
9958464
9958461
9958457
9958441
9958430
9958421
9958421
9958417
9958409
9958407
9958407
9958399
9958397
9958396
9958391
9958386
9958382
9958381
9958348
9958345
9958341
9958339
9958336
9958333
9958331
9958330
9958325
9958322
9958314
9958311
9958300
9958293
9958292
9958291
9958289
9958288
9958281
9958280
9958274
9958268
9958251
9958244
9958243
9958239
9958227
9958225
9958219
9958218
9958209
9958206
9958206
9958202
9958199
9958198
9958194
9958191
9958187
9958187
9958185
9958184
9958177
9958177
9958174
9958172
9958171
9958165
9958164
9958157
9958154
9958150
9958146
9958138
9958134
9958127
9958126
9958109
9958106
9958106
9958101
9958095
9958094
9958088
9958080
9958076
9958074
9958070
9958056
9958055
9958054
9958054
9958045
9958043
9958040
9958033
9958033
9958032
9958030
9958029
9958025
9958024
9958018
9958009
9958009
9958006
9958005
9957999
9957998
9957991
9957991
9957987
9957985
9957982
9957977
9957963
9957955
9957948
9957944
9957943
9957938
9957931
9957930
9957921
9957919
9957914
9957909
9957879
9957873
9957872
9957867
9957867
9957859
9957853
9957849
9957847
9957837
9957837
9957833
9957826
9957823
9957817
9957812
9957811
9957810
9957809
9957806
9957805
9957798
9957789
9957789
9957785
9957763
9957759
9957758
9957757
9957754
9957746
9957745
9957738
9957735
9957735
9957726
9957723
9957720
9957719
9957716
9957714
9957706
9957689
9957687
9957676
9957673
9957662
9957655
9957646
9957642
9957640
9957629
9957616
9957597
9957592
9957591
9957580
9957577
9957572
9957570
9957565
9957561
9957560
9957556
9957552
9957543
9957522
9957513
9957493
9957491
9957491
9957481
9957474
9957474
9957474
9957470
9957468
9957457
9957449
9957442
9957426
9957421
9957409
9957404
9957398
9957394
9957385
9957383
9957380
9957374
9957372
9957359
9957358
9957351
9957348
9957347
9957337
9957336
9957320
9957306
9957303
9957298
9957296
9957296
9957291
9957283
9957282
9957274
9957272
9957255
9957254
9957253
9957250
9957245
9957231
9957227
9957223
9957216
9957196
9957196
9957190
9957183
9957168
9957165
9957153
9957148
9957148
9957148
9957145
9957136
9957133
9957128
9957123
9957117
9957109
9957109
9957096
9957094
9957091
9957088
9957085
9957077
9957073
9957070
9957070
9957055
9957050
9957048
9957042
9957028
9957028
9957024
9957023
9957019
9957001
9956997
9956996
9956995
9956993
9956990
9956986
9956983
9956983
9956981
9956978
9956975
9956968
9956947
9956924
9956922
9956916
9956915
9956909
9956901
9956898
9956897
9956893
9956889
9956886
9956882
9956874
9956864
9956859
9956857
9956850
9956848
9956844
9956842
9956839
9956831
9956827
9956818
9956817
9956816
9956812
9956801
9956784
9956780
9956773
9956772
9956766
9956744
9956730
9956730
9956718
9956718
9956715
9956710
9956709
9956708
9956703
9956702
9956696
9956695
9956674
9956674
9956672
9956667
9956657
9956657
9956652
9956651
9956647
9956645
9956644
9956644
9956643
9956637
9956635
9956635
9956631
9956628
9956626
9956620
9956620
9956615
9956606
9956602
9956601
9956600
9956596
9956591
9956589
9956589
9956588
9956573
9956563
9956553
9956550
9956548
9956546
9956545
9956544
9956541
9956539
9956522
9956522
9956509
9956503
9956501
9956495
9956485
9956480
9956478
9956477
9956475
9956475
9956472
9956464
9956461
9956428
9956426
9956424
9956409
9956391
9956373
9956370
9956369
9956369
9956363
9956353
9956352
9956349
9956349
9956344
9956334
9956328
9956326
9956323
9956317
9956314
9956312
9956309
9956296
9956293
9956276
9956272
9956269
9956264
9956262
9956258
9956247
9956239
9956235
9956230
9956229
9956228
9956224
9956220
9956220
9956219
9956210
9956207
9956201
9956200
9956188
9956186
9956183
9956174
9956173
9956170
9956168
9956162
9956159
9956145
9956141
9956139
9956138
9956136
9956134
9956123
9956108
9956106
9956106
9956100
9956099
9956097
9956096
9956092
9956091
9956087
9956072
9956070
9956069
9956063
9956062
9956056
9956055
9956051
9956048
9956046
9956036
9956021
9956015
9956014
9956011
9955998
9955996
9955996
9955988
9955986
9955980
9955976
9955967
9955964
9955963
9955956
9955955
9955946
9955937
9955926
9955919
9955919
9955918
9955911
9955909
9955897
9955888
9955884
9955880
9955876
9955866
9955862
9955856
9955846
9955841
9955837
9955831
9955831
9955822
9955821
9955821
9955820
9955808
9955806
9955805
9955805
9955805
9955794
9955793
9955787
9955783
9955779
9955776
9955775
9955774
9955774
9955764
9955757
9955751
9955749
9955749
9955742
9955740
9955730
9955728
9955724
9955714
9955709
9955708
9955708
9955707
9955695
9955689
9955687
9955684
9955682
9955679
9955653
9955647
9955646
9955643
9955641
9955633
9955624
9955618
9955617
9955610
9955606
9955577
9955570
9955569
9955560
9955555
9955552
9955540
9955539
9955532
9955527
9955523
9955520
9955518
9955516
9955515
9955503
9955496
9955492
9955483
9955477
9955471
9955471
9955470
9955460
9955454
9955446
9955438
9955435
9955434
9955434
9955431
9955419
9955414
9955414
9955412
9955412
9955410
9955408
9955408
9955400
9955398
9955386
9955386
9955384
9955382
9955378
9955377
9955377
9955372
9955370
9955356
9955356
9955351
9955346
9955343
9955333
9955333
9955328
9955310
9955308
9955305
9955286
9955286
9955285
9955279
9955277
9955264
9955260
9955257
9955253
9955246
9955245
9955243
9955236
9955234
9955232
9955232
9955228
9955227
9955226
9955226
9955223
9955221
9955218
9955211
9955207
9955196
9955195
9955194
9955192
9955190
9955178
9955175
9955173
9955171
9955161
9955154
9955141
9955135
9955128
9955123
9955123
9955117
9955113
9955112
9955098
9955089
9955083
9955082
9955080
9955070
9955069
9955063
9955059
9955058
9955057
9955055
9955054
9955051
9955050
9955050
9955046
9955042
9955041
9955041
9955032
9955032
9955030
9955028
9955028
9955026
9955026
9955023
9955022
9955022
9955013
9955011
9955010
9955004
9955000
9954997
9954975
9954957
9954956
9954952
9954948
9954946
9954936
9954929
9954928
9954917
9954902
9954902
9954901
9954898
9954894
9954888
9954881
9954869
9954857
9954855
9954851
9954851
9954839
9954829
9954824
9954805
9954789
9954768
9954764
9954763
9954759
9954756
9954752
9954732
9954719
9954711
9954709
9954700
9954683
9954678
9954676
9954672
9954666
9954660
9954655
9954652
9954641
9954636
9954633
9954631
9954622
9954614
9954614
9954613
9954612
9954609
9954603
9954600
9954598
9954588
9954576
9954571
9954570
9954538
9954538
9954521
9954505
9954501
9954500
9954492
9954492
9954483
9954482
9954482
9954481
9954477
9954475
9954469
9954466
9954457
9954455
9954446
9954443
9954438
9954437
9954436
9954435
9954422
9954414
9954406
9954404
9954402
9954396
9954374
9954370
9954368
9954368
9954367
9954364
9954357
9954351
9954338
9954336
9954322
9954320
9954294
9954294
9954293
9954293
9954290
9954287
9954284
9954283
9954281
9954277
9954267
9954262
9954260
9954246
9954242
9954241
9954240
9954238
9954225
9954224
9954221
9954215
9954204
9954203
9954202
9954200
9954186
9954185
9954178
9954163
9954161
9954159
9954157
9954157
9954148
9954146
9954146
9954142
9954141
9954140
9954132
9954120
9954117
9954116
9954113
9954109
9954104
9954096
9954088
9954085
9954080
9954076
9954071
9954071
9954068
9954068
9954053
9954049
9954044
9954036
9954034
9954027
9954026
9954023
9954010
9954008
9954000
9953995
9953994
9953994
9953986
9953980
9953977
9953975
9953962
9953962
9953945
9953938
9953937
9953918
9953910
9953902
9953899
9953885
9953877
9953868
9953868
9953866
9953865
9953864
9953858
9953846
9953844
9953836
9953823
9953815
9953813
9953807
9953800
9953792
9953788
9953787
9953777
9953776
9953776
9953760
9953759
9953754
9953751
9953751
9953741
9953737
9953735
9953735
9953716
9953715
9953711
9953709
9953702
9953699
9953698
9953690
9953687
9953677
9953676
9953675
9953667
9953658
9953649
9953645
9953645
9953643
9953635
9953630
9953621
9953612
9953608
9953606
9953605
9953600
9953585
9953570
9953570
9953565
9953562
9953555
9953553
9953551
9953548
9953547
9953546
9953542
9953537
9953537
9953533
9953524
9953522
9953518
9953518
9953498
9953492
9953491
9953488
9953487
9953487
9953486
9953486
9953471
9953470
9953469
9953465
9953462
9953461
9953460
9953454
9953453
9953446
9953444
9953437
9953434
9953424
9953421
9953417
9953410
9953401
9953401
9953390
9953382
9953380
9953379
9953376
9953370
9953368
9953365
9953356
9953354
9953350
9953334
9953325
9953319
9953315
9953309
9953309
9953305
9953303
9953289
9953288
9953288
9953279
9953265
9953262
9953258
9953257
9953253
9953251
9953249
9953247
9953247
9953234
9953214
9953184
9953182
9953180
9953180
9953178
9953178
9953171
9953169
9953156
9953154
9953152
9953151
9953136
9953133
9953133
9953124
9953123
9953122
9953121
9953120
9953119
9953115
9953114
9953111
9953109
9953097
9953089
9953086
9953086
9953082
9953079
9953078
9953076
9953073
9953059
9953059
9953056
9953050
9953048
9953042
9953038
9953026
9953015
9953013
9953010
9953010
9952998
9952996
9952993
9952991
9952988
9952977
9952975
9952975
9952973
9952969
9952961
9952960
9952957
9952931
9952930
9952920
9952918
9952913
9952895
9952891
9952883
9952883
9952874
9952864
9952856
9952854
9952854
9952851
9952846
9952844
9952844
9952840
9952839
9952834
9952833
9952833
9952830
9952828
9952818
9952818
9952806
9952803
9952801
9952800
9952796
9952794
9952791
9952790
9952789
9952788
9952786
9952786
9952785
9952780
9952777
9952774
9952770
9952768
9952767
9952760
9952759
9952754
9952753
9952753
9952740
9952738
9952737
9952727
9952726
9952725
9952722
9952722
9952710
9952703
9952688
9952680
9952680
9952679
9952653
9952652
9952651
9952649
9952645
9952632
9952623
9952622
9952621
9952608
9952599
9952598
9952597
9952596
9952595
9952592
9952592
9952589
9952585
9952585
9952583
9952582
9952572
9952572
9952571
9952563
9952548
9952547
9952546
9952544
9952543
9952533
9952524
9952518
9952509
9952505
9952504
9952503
9952501
9952501
9952490
9952479
9952477
9952475
9952475
9952474
9952474
9952466
9952464
9952459
9952459
9952454
9952454
9952445
9952444
9952440
9952437
9952437
9952436
9952433
9952425
9952416
9952416
9952406
9952400
9952395
9952393
9952392
9952385
9952379
9952377
9952369
9952368
9952367
9952366
9952363
9952359
9952355
9952354
9952343
9952343
9952337
9952314
9952307
9952299
9952298
9952295
9952289
9952286
9952280
9952272
9952268
9952267
9952263
9952258
9952257
9952253
9952251
9952250
9952249
9952241
9952231
9952209
9952197
9952193
9952190
9952186
9952181
9952174
9952147
9952124
9952121
9952120
9952104
9952097
9952093
9952093
9952090
9952087
9952086
9952085
9952083
9952078
9952074
9952068
9952061
9952055
9952055
9952054
9952053
9952051
9952050
9952048
9952047
9952044
9952043
9952039
9952018
9952016
9952011
9952008
9952000
9951998
9951995
9951987
9951986
9951985
9951974
9951973
9951970
9951960
9951956
9951954
9951952
9951950
9951943
9951941
9951927
9951925
9951923
9951916
9951915
9951903
9951895
9951888
9951866
9951864
9951861
9951859
9951855
9951841
9951828
9951828
9951804
9951791
9951790
9951787
9951770
9951766
9951750
9951744
9951741
9951740
9951739
9951737
9951734
9951733
9951733
9951731
9951727
9951720
9951719
9951715
9951714
9951699
9951689
9951687
9951686
9951683
9951677
9951664
9951658
9951657
9951657
9951650
9951648
9951643
9951640
9951639
9951633
9951624
9951620
9951620
9951620
9951619
9951610
9951604
9951596
9951584
9951569
9951564
9951562
9951560
9951557
9951548
9951546
9951543
9951538
9951533
9951522
9951515
9951503
9951490
9951485
9951468
9951464
9951462
9951457
9951451
9951447
9951446
9951444
9951444
9951444
9951429
9951426
9951406
9951401
9951397
9951384
9951368
9951368
9951363
9951347
9951346
9951338
9951337
9951318
9951310
9951308
9951307
9951302
9951299
9951298
9951292
9951292
9951285
9951282
9951281
9951276
9951263
9951260
9951259
9951254
9951253
9951251
9951247
9951246
9951245
9951245
9951238
9951232
9951217
9951211
9951202
9951200
9951193
9951183
9951181
9951178
9951171
9951166
9951166
9951166
9951155
9951152
9951140
9951135
9951132
9951131
9951122
9951115
9951104
9951096
9951090
9951086
9951078
9951065
9951038
9951035
9951034
9951033
9951019
9951016
9950997
9950993
9950992
9950992
9950990
9950972
9950966
9950958
9950955
9950954
9950950
9950945
9950943
9950938
9950937
9950935
9950927
9950926
9950926
9950923
9950916
9950904
9950900
9950894
9950891
9950890
9950880
9950877
9950874
9950860
9950849
9950843
9950834
9950834
9950834
9950832
9950830
9950828
9950827
9950823
9950821
9950820
9950818
9950814
9950814
9950813
9950811
9950810
9950807
9950803
9950793
9950790
9950788
9950782
9950774
9950773
9950769
9950759
9950750
9950743
9950741
9950740
9950739
9950738
9950736
9950734
9950733
9950733
9950730
9950729
9950728
9950713
9950712
9950706
9950706
9950700
9950699
9950697
9950683
9950682
9950679
9950677
9950676
9950673
9950669
9950668
9950661
